0.000000 1.000000 1.000000 0.000000
0.001001 1.000000 1.000000 0.000000
0.002002 1.000000 1.000000 0.000000
0.003003 1.000000 1.000000 0.000000
0.004004 1.000000 1.000000 0.000000
0.005005 1.000000 1.000000 0.000000
0.006006 1.000000 1.000000 0.000000
0.007007 1.000000 1.000000 0.000000
0.008008 1.000000 1.000000 0.000000
0.009009 1.000000 1.000000 0.000000
0.010010 1.000000 1.000000 0.000000
0.011011 1.000000 1.000000 0.000000
0.012012 1.000000 1.000000 0.000000
0.013013 1.000000 1.000000 0.000000
0.014014 1.000000 1.000000 0.000000
0.015015 1.000000 1.000000 0.000000
0.016016 1.000000 1.000000 0.000000
0.017017 1.000000 1.000000 0.000000
0.018018 1.000000 1.000000 0.000000
0.019019 1.000000 1.000000 0.000000
0.020020 1.000000 1.000000 0.000000
0.021021 1.000000 1.000000 0.000000
0.022022 1.000000 1.000000 0.000000
0.023023 1.000000 1.000000 0.000000
0.024024 1.000000 1.000000 0.000000
0.025025 1.000000 1.000000 0.000000
0.026026 1.000000 1.000000 0.000000
0.027027 1.000000 1.000000 0.000000
0.028028 1.000000 1.000000 0.000000
0.029029 1.000000 1.000000 0.000000
0.030030 1.000000 1.000000 0.000000
0.031031 1.000000 1.000000 0.000000
0.032032 1.000000 1.000000 0.000000
0.033033 1.000000 1.000000 0.000000
0.034034 1.000000 1.000000 0.000000
0.035035 1.000000 1.000000 0.000000
0.036036 1.000000 1.000000 0.000000
0.037037 1.000000 1.000000 0.000000
0.038038 1.000000 1.000000 0.000000
0.039039 1.000000 1.000000 0.000000
0.040040 1.000000 1.000000 0.000000
0.041041 1.000000 1.000000 0.000000
0.042042 1.000000 1.000000 0.000000
0.043043 1.000000 1.000000 0.000000
0.044044 1.000000 1.000000 0.000000
0.045045 1.000000 1.000000 0.000000
0.046046 1.000000 1.000000 0.000000
0.047047 1.000000 1.000000 0.000000
0.048048 1.000000 1.000000 0.000000
0.049049 1.000000 1.000000 0.000000
0.050050 1.000000 1.000000 0.000000
0.051051 1.000000 1.000000 0.000000
0.052052 1.000000 1.000000 0.000000
0.053053 1.000000 1.000000 0.000000
0.054054 1.000000 1.000000 0.000000
0.055055 1.000000 1.000000 0.000000
0.056056 1.000000 1.000000 0.000000
0.057057 1.000000 1.000000 0.000000
0.058058 1.000000 1.000000 0.000000
0.059059 1.000000 1.000000 0.000000
0.060060 1.000000 1.000000 0.000000
0.061061 1.000000 1.000000 0.000000
0.062062 1.000000 1.000000 0.000000
0.063063 1.000000 1.000000 0.000000
0.064064 1.000000 1.000000 0.000000
0.065065 1.000000 1.000000 0.000000
0.066066 1.000000 1.000000 0.000000
0.067067 1.000000 1.000000 0.000000
0.068068 1.000000 1.000000 0.000000
0.069069 1.000000 1.000000 0.000000
0.070070 1.000000 1.000000 0.000000
0.071071 1.000000 1.000000 0.000000
0.072072 1.000000 1.000000 0.000000
0.073073 1.000000 1.000000 0.000000
0.074074 1.000000 1.000000 0.000000
0.075075 1.000000 1.000000 0.000000
0.076076 1.000000 1.000000 0.000000
0.077077 1.000000 1.000000 0.000000
0.078078 1.000000 1.000000 0.000000
0.079079 1.000000 1.000000 0.000000
0.080080 1.000000 1.000000 0.000000
0.081081 1.000000 1.000000 0.000000
0.082082 1.000000 1.000000 0.000000
0.083083 1.000000 1.000000 0.000000
0.084084 1.000000 1.000000 0.000000
0.085085 1.000000 1.000000 0.000000
0.086086 1.000000 1.000000 0.000000
0.087087 1.000000 1.000000 0.000000
0.088088 1.000000 1.000000 0.000000
0.089089 1.000000 1.000000 0.000000
0.090090 1.000000 1.000000 0.000000
0.091091 1.000000 1.000000 0.000000
0.092092 1.000000 1.000000 0.000000
0.093093 1.000000 1.000000 0.000000
0.094094 1.000000 1.000000 0.000000
0.095095 1.000000 1.000000 0.000000
0.096096 1.000000 1.000000 0.000000
0.097097 1.000000 1.000000 0.000000
0.098098 1.000000 1.000000 0.000000
0.099099 1.000000 1.000000 0.000000
0.100100 1.000000 1.000000 0.000000
0.101101 1.000000 1.000000 0.000000
0.102102 1.000000 1.000000 0.000000
0.103103 1.000000 1.000000 0.000000
0.104104 1.000000 1.000000 0.000000
0.105105 1.000000 1.000000 0.000000
0.106106 1.000000 1.000000 0.000000
0.107107 1.000000 1.000000 0.000000
0.108108 1.000000 1.000000 0.000000
0.109109 1.000000 1.000000 0.000000
0.110110 1.000000 1.000000 0.000000
0.111111 1.000000 1.000000 0.000000
0.112112 1.000000 1.000000 0.000000
0.113113 1.000000 1.000000 0.000000
0.114114 1.000000 1.000000 0.000000
0.115115 1.000000 1.000000 0.000000
0.116116 1.000000 1.000000 0.000000
0.117117 1.000000 1.000000 0.000000
0.118118 1.000000 1.000000 0.000000
0.119119 1.000000 1.000000 0.000000
0.120120 1.000000 1.000000 0.000000
0.121121 1.000000 1.000000 0.000000
0.122122 1.000000 1.000000 0.000000
0.123123 1.000000 1.000000 0.000000
0.124124 1.000000 1.000000 0.000000
0.125125 1.000000 1.000000 0.000000
0.126126 1.000000 1.000000 0.000000
0.127127 1.000000 1.000000 0.000000
0.128128 1.000000 1.000000 0.000000
0.129129 1.000000 1.000000 0.000000
0.130130 1.000000 1.000000 0.000000
0.131131 1.000000 1.000000 0.000000
0.132132 1.000000 1.000000 0.000000
0.133133 1.000000 1.000000 0.000000
0.134134 1.000000 1.000000 0.000000
0.135135 1.000000 1.000000 0.000000
0.136136 1.000000 1.000000 0.000000
0.137137 1.000000 1.000000 0.000000
0.138138 1.000000 1.000000 0.000000
0.139139 1.000000 1.000000 0.000000
0.140140 1.000000 1.000000 0.000000
0.141141 1.000000 1.000000 0.000000
0.142142 1.000000 1.000000 0.000000
0.143143 1.000000 1.000000 0.000000
0.144144 1.000000 1.000000 0.000000
0.145145 1.000000 1.000000 0.000000
0.146146 1.000000 1.000000 0.000000
0.147147 1.000000 1.000000 0.000000
0.148148 1.000000 1.000000 0.000000
0.149149 1.000000 1.000000 0.000000
0.150150 1.000000 1.000000 0.000000
0.151151 1.000000 1.000000 0.000000
0.152152 1.000000 1.000000 0.000000
0.153153 1.000000 1.000000 0.000000
0.154154 1.000000 1.000000 0.000000
0.155155 1.000000 1.000000 0.000000
0.156156 1.000000 1.000000 0.000000
0.157157 1.000000 1.000000 0.000000
0.158158 1.000000 1.000000 0.000000
0.159159 1.000000 1.000000 0.000000
0.160160 1.000000 1.000000 0.000000
0.161161 1.000000 1.000000 0.000000
0.162162 1.000000 1.000000 0.000000
0.163163 1.000000 1.000000 0.000000
0.164164 1.000000 1.000000 0.000000
0.165165 1.000000 1.000000 0.000000
0.166166 1.000000 1.000000 0.000000
0.167167 1.000000 1.000000 0.000000
0.168168 1.000000 1.000000 0.000000
0.169169 1.000000 1.000000 0.000000
0.170170 1.000000 1.000000 0.000000
0.171171 1.000000 1.000000 0.000000
0.172172 1.000000 1.000000 0.000000
0.173173 1.000000 1.000000 0.000000
0.174174 1.000000 1.000000 0.000000
0.175175 1.000000 1.000000 0.000000
0.176176 1.000000 1.000000 0.000000
0.177177 1.000000 1.000000 0.000000
0.178178 1.000000 1.000000 0.000000
0.179179 1.000000 1.000000 0.000000
0.180180 1.000000 1.000000 0.000000
0.181181 1.000000 1.000000 0.000000
0.182182 1.000000 1.000000 0.000000
0.183183 1.000000 1.000000 0.000000
0.184184 1.000000 1.000000 0.000000
0.185185 1.000000 1.000000 0.000000
0.186186 1.000000 1.000000 0.000000
0.187187 1.000000 1.000000 0.000000
0.188188 1.000000 1.000000 0.000000
0.189189 1.000000 1.000000 0.000000
0.190190 1.000000 1.000000 0.000000
0.191191 1.000000 1.000000 0.000000
0.192192 1.000000 1.000000 0.000000
0.193193 1.000000 1.000000 0.000000
0.194194 1.000000 1.000000 0.000000
0.195195 1.000000 1.000000 0.000000
0.196196 1.000000 1.000000 0.000000
0.197197 1.000000 1.000000 0.000000
0.198198 1.000000 1.000000 0.000000
0.199199 1.000000 1.000000 0.000000
0.200200 1.000000 1.000000 0.000000
0.201201 1.000000 1.000000 0.000000
0.202202 1.000000 1.000000 0.000000
0.203203 1.000000 1.000000 0.000000
0.204204 1.000000 1.000000 0.000000
0.205205 1.000000 1.000000 0.000000
0.206206 1.000000 1.000000 0.000000
0.207207 1.000000 1.000000 0.000000
0.208208 1.000000 1.000000 0.000000
0.209209 1.000000 1.000000 0.000000
0.210210 1.000000 1.000000 0.000000
0.211211 1.000000 1.000000 0.000000
0.212212 1.000000 1.000000 0.000000
0.213213 1.000000 1.000000 0.000000
0.214214 1.000000 1.000000 0.000000
0.215215 1.000000 1.000000 0.000000
0.216216 1.000000 1.000000 0.000000
0.217217 1.000000 1.000000 0.000000
0.218218 1.000000 1.000000 0.000000
0.219219 1.000000 1.000000 0.000000
0.220220 1.000000 1.000000 0.000000
0.221221 1.000000 1.000000 0.000000
0.222222 1.000000 1.000000 0.000000
0.223223 1.000000 1.000000 0.000000
0.224224 1.000000 1.000000 0.000000
0.225225 1.000000 1.000000 0.000000
0.226226 1.000000 1.000000 0.000000
0.227227 1.000000 1.000000 0.000000
0.228228 1.000000 1.000000 0.000000
0.229229 1.000000 1.000000 0.000000
0.230230 1.000000 1.000000 0.000000
0.231231 1.000000 1.000000 0.000000
0.232232 1.000000 1.000000 0.000000
0.233233 1.000000 1.000000 0.000000
0.234234 1.000000 1.000000 0.000000
0.235235 1.000000 1.000000 0.000000
0.236236 1.000000 1.000000 0.000000
0.237237 1.000000 1.000000 0.000000
0.238238 1.000000 1.000000 0.000000
0.239239 1.000000 1.000000 0.000000
0.240240 1.000000 1.000000 0.000000
0.241241 1.000000 1.000000 0.000000
0.242242 1.000000 1.000000 0.000000
0.243243 1.000000 1.000000 0.000000
0.244244 1.000000 1.000000 0.000000
0.245245 1.000000 1.000000 0.000000
0.246246 1.000000 1.000000 0.000000
0.247247 1.000000 1.000000 0.000000
0.248248 1.000000 1.000000 0.000000
0.249249 1.000000 1.000000 0.000000
0.250250 1.000000 1.000000 0.000000
0.251251 1.000000 1.000000 0.000000
0.252252 1.000000 1.000000 0.000000
0.253253 1.000000 1.000000 0.000000
0.254254 1.000000 1.000000 0.000000
0.255255 1.000000 1.000000 0.000000
0.256256 1.000000 1.000000 0.000000
0.257257 1.000000 1.000000 0.000000
0.258258 1.000000 1.000000 0.000000
0.259259 1.000000 1.000000 0.000000
0.260260 1.000000 1.000000 0.000000
0.261261 1.000000 1.000000 0.000000
0.262262 1.000000 1.000000 0.000000
0.263263 1.000000 1.000000 0.000000
0.264264 0.996808 0.995535 0.003781
0.265265 0.993297 0.990629 0.007952
0.266266 0.989796 0.985744 0.012123
0.267267 0.986305 0.980880 0.016294
0.268268 0.982824 0.976036 0.020464
0.269269 0.979352 0.971213 0.024635
0.270270 0.975890 0.966410 0.028806
0.271271 0.972438 0.961628 0.032977
0.272272 0.968996 0.956866 0.037148
0.273273 0.965564 0.952124 0.041319
0.274274 0.962141 0.947402 0.045489
0.275275 0.958728 0.942700 0.049660
0.276276 0.955325 0.938019 0.053831
0.277277 0.951931 0.933357 0.058002
0.278278 0.948547 0.928715 0.062173
0.279279 0.945173 0.924093 0.066344
0.280280 0.941808 0.919491 0.070514
0.281281 0.938453 0.914908 0.074685
0.282282 0.935108 0.910345 0.078856
0.283283 0.931772 0.905802 0.083027
0.284284 0.928445 0.901278 0.087198
0.285285 0.925128 0.896773 0.091369
0.286286 0.921821 0.892288 0.095539
0.287287 0.918523 0.887822 0.099710
0.288288 0.915234 0.883375 0.103881
0.289289 0.911955 0.878947 0.108052
0.290290 0.908685 0.874538 0.112223
0.291291 0.905425 0.870148 0.116394
0.292292 0.902174 0.865777 0.120565
0.293293 0.898932 0.861425 0.124735
0.294294 0.895700 0.857092 0.128906
0.295295 0.892477 0.852777 0.133077
0.296296 0.889263 0.848481 0.137248
0.297297 0.886058 0.844204 0.141419
0.298298 0.882863 0.839945 0.145590
0.299299 0.879677 0.835704 0.149760
0.300300 0.876500 0.831482 0.153931
0.301301 0.873333 0.827278 0.158102
0.302302 0.870174 0.823093 0.162273
0.303303 0.867025 0.818925 0.166444
0.304304 0.863885 0.814776 0.170615
0.305305 0.860754 0.810645 0.174785
0.306306 0.857632 0.806531 0.178956
0.307307 0.854519 0.802436 0.183127
0.308308 0.851415 0.798358 0.187298
0.309309 0.848320 0.794298 0.191469
0.310310 0.845234 0.790256 0.195640
0.311311 0.842157 0.786232 0.199810
0.312312 0.839090 0.782225 0.203981
0.313313 0.836031 0.778236 0.208152
0.314314 0.832981 0.774264 0.212323
0.315315 0.829940 0.770309 0.216494
0.316316 0.826907 0.766372 0.220665
0.317317 0.823884 0.762452 0.224835
0.318318 0.820869 0.758549 0.229006
0.319319 0.817864 0.754664 0.233177
0.320320 0.814867 0.750795 0.237348
0.321321 0.811879 0.746943 0.241519
0.322322 0.808900 0.743109 0.245690
0.323323 0.805929 0.739291 0.249860
0.324324 0.802967 0.735490 0.254031
0.325325 0.800014 0.731706 0.258202
0.326326 0.797070 0.727939 0.262373
0.327327 0.794134 0.724188 0.266544
0.328328 0.791207 0.720454 0.270715
0.329329 0.788288 0.716736 0.274886
0.330330 0.785379 0.713035 0.279056
0.331331 0.782477 0.709350 0.283227
0.332332 0.779585 0.705681 0.287398
0.333333 0.776701 0.702029 0.291569
0.334334 0.773825 0.698393 0.295740
0.335335 0.770958 0.694773 0.299911
0.336336 0.768100 0.691170 0.304081
0.337337 0.765250 0.687582 0.308252
0.338338 0.762408 0.684010 0.312423
0.339339 0.759575 0.680454 0.316594
0.340340 0.756750 0.676914 0.320765
0.341341 0.753934 0.673390 0.324936
0.342342 0.751126 0.669882 0.329106
0.343343 0.748327 0.666389 0.333277
0.344344 0.745536 0.662912 0.337448
0.345345 0.742753 0.659450 0.341619
0.346346 0.739978 0.656004 0.345790
0.347347 0.737212 0.652573 0.349961
0.348348 0.734454 0.649158 0.354131
0.349349 0.731704 0.645758 0.358302
0.350350 0.728963 0.642374 0.362473
0.351351 0.726230 0.639004 0.366644
0.352352 0.723505 0.635650 0.370815
0.353353 0.720788 0.632311 0.374986
0.354354 0.718079 0.628987 0.379156
0.355355 0.715379 0.625678 0.383327
0.356356 0.712687 0.622383 0.387498
0.357357 0.710002 0.619104 0.391669
0.358358 0.707326 0.615840 0.395840
0.359359 0.704658 0.612590 0.400011
0.360360 0.701998 0.609355 0.404181
0.361361 0.699346 0.606134 0.408352
0.362362 0.696702 0.602929 0.412523
0.363363 0.694066 0.599737 0.416694
0.364364 0.691438 0.596561 0.420865
0.365365 0.688818 0.593398 0.425036
0.366366 0.686206 0.590250 0.429206
0.367367 0.683602 0.587117 0.433377
0.368368 0.681006 0.583998 0.437548
0.369369 0.678417 0.580892 0.441719
0.370370 0.675837 0.577802 0.445890
0.371371 0.673264 0.574725 0.450061
0.372372 0.670700 0.571662 0.454232
0.373373 0.668143 0.568613 0.458402
0.374374 0.665594 0.565578 0.462573
0.375375 0.663052 0.562557 0.466744
0.376376 0.660519 0.559550 0.470915
0.377377 0.657993 0.556557 0.475086
0.378378 0.655475 0.553577 0.479257
0.379379 0.652964 0.550611 0.483427
0.380380 0.650462 0.547659 0.487598
0.381381 0.647967 0.544721 0.491769
0.382382 0.645479 0.541795 0.495940
0.383383 0.643000 0.538884 0.500111
0.384384 0.640528 0.535985 0.504282
0.385385 0.638063 0.533101 0.508452
0.386386 0.635606 0.530229 0.512623
0.387387 0.633157 0.527371 0.516794
0.388388 0.630715 0.524526 0.520965
0.389389 0.628281 0.521694 0.525136
0.390390 0.625854 0.518875 0.529307
0.391391 0.623435 0.516069 0.533477
0.392392 0.621024 0.513276 0.537648
0.393393 0.618619 0.510497 0.541819
0.394394 0.616223 0.507730 0.545990
0.395395 0.613833 0.504976 0.550161
0.396396 0.611451 0.502235 0.554332
0.397397 0.609077 0.499506 0.558502
0.398398 0.606710 0.496791 0.562673
0.399399 0.604350 0.494088 0.566844
0.400400 0.601998 0.491397 0.571015
0.401401 0.599653 0.488719 0.575186
0.402402 0.597315 0.486054 0.579357
0.403403 0.594984 0.483401 0.583527
0.404404 0.592661 0.480761 0.587698
0.405405 0.590345 0.478133 0.591869
0.406406 0.588037 0.475517 0.596040
0.407407 0.585735 0.472913 0.600211
0.408408 0.583441 0.470322 0.604382
0.409409 0.581154 0.467743 0.608553
0.410410 0.578874 0.465176 0.612723
0.411411 0.576601 0.462621 0.616894
0.412412 0.574336 0.460079 0.621065
0.413413 0.572077 0.457548 0.625236
0.414414 0.569826 0.455029 0.629407
0.415415 0.567582 0.452522 0.633578
0.416416 0.565344 0.450027 0.637748
0.417417 0.563114 0.447544 0.641919
0.418418 0.560891 0.445072 0.646090
0.419419 0.558675 0.442612 0.650261
0.420420 0.556466 0.440164 0.654432
0.421421 0.554264 0.437727 0.658603
0.422422 0.552069 0.435302 0.662773
0.423423 0.549881 0.432889 0.666944
0.424424 0.547700 0.430487 0.671115
0.425425 0.545526 0.428096 0.675286
0.426426 0.543358 0.425717 0.679457
0.427427 0.541198 0.423349 0.683628
0.428428 0.539045 0.420993 0.687798
0.429429 0.536898 0.418647 0.691969
0.430430 0.534758 0.416313 0.696140
0.431431 0.532625 0.413990 0.700311
0.432432 0.530499 0.411679 0.704482
0.433433 0.528379 0.409378 0.708653
0.434434 0.526267 0.407088 0.712823
0.435435 0.524161 0.404809 0.716994
0.436436 0.522062 0.402542 0.721165
0.437437 0.519970 0.400285 0.725336
0.438438 0.517884 0.398039 0.729507
0.439439 0.515805 0.395803 0.733678
0.440440 0.513733 0.393579 0.737848
0.441441 0.511667 0.391365 0.742019
0.442442 0.509608 0.389162 0.746190
0.443443 0.507556 0.386970 0.750361
0.444444 0.505510 0.384788 0.754532
0.445445 0.503471 0.382617 0.758703
0.446446 0.501438 0.380456 0.762873
0.447447 0.499412 0.378306 0.767044
0.448448 0.497393 0.376166 0.771215
0.449449 0.495380 0.374037 0.775386
0.450450 0.493374 0.371917 0.779557
0.451451 0.491374 0.369809 0.783728
0.452452 0.489381 0.367710 0.787899
0.453453 0.487394 0.365622 0.792069
0.454454 0.485413 0.363543 0.796240
0.455455 0.483439 0.361475 0.800411
0.456456 0.481472 0.359417 0.804582
0.457457 0.479511 0.357370 0.808753
0.458458 0.477556 0.355332 0.812924
0.459459 0.475608 0.353304 0.817094
0.460460 0.473666 0.351286 0.821265
0.461461 0.471730 0.349278 0.825436
0.462462 0.469801 0.347279 0.829607
0.463463 0.467878 0.345291 0.833778
0.464464 0.465961 0.343312 0.837949
0.465465 0.464051 0.341343 0.842119
0.466466 0.462146 0.339384 0.846290
0.467467 0.460248 0.337434 0.850461
0.468468 0.458357 0.335494 0.854632
0.469469 0.456471 0.333564 0.858803
0.470470 0.454592 0.331643 0.862974
0.471471 0.452719 0.329732 0.867144
0.472472 0.450852 0.327830 0.871315
0.473473 0.448992 0.325937 0.875486
0.474474 0.447137 0.324054 0.879657
0.475475 0.445289 0.322180 0.883828
0.476476 0.443447 0.320315 0.887999
0.477477 0.441610 0.318460 0.892169
0.478478 0.439780 0.316614 0.896340
0.479479 0.437956 0.314777 0.900511
0.480480 0.436138 0.312949 0.904682
0.481481 0.434326 0.311131 0.908853
0.482482 0.432521 0.309321 0.913024
0.483483 0.430721 0.307520 0.917194
0.484484 0.428927 0.305729 0.921365
0.485485 0.427139 0.303946 0.925536
0.486486 0.425357 0.302173 0.929707
0.487487 0.423581 0.300408 0.933878
0.488488 0.421811 0.298652 0.938049
0.489489 0.420047 0.296905 0.942220
0.490490 0.418289 0.295166 0.946390
0.491491 0.416536 0.293437 0.950561
0.492492 0.414790 0.291716 0.954732
0.493493 0.413049 0.290003 0.958903
0.494494 0.411315 0.288299 0.963074
0.495495 0.409586 0.286604 0.967245
0.496496 0.407863 0.284918 0.971415
0.497497 0.406145 0.283240 0.975586
0.498498 0.405991 0.283089 0.975963
0.499499 0.405991 0.283089 0.975963
0.500501 0.405991 0.283089 0.975963
0.501502 0.405991 0.283089 0.975963
0.502503 0.405991 0.283089 0.975963
0.503504 0.405991 0.283089 0.975963
0.504505 0.405991 0.283089 0.975963
0.505506 0.405991 0.283089 0.975963
0.506507 0.405991 0.283089 0.975963
0.507508 0.405991 0.283089 0.975963
0.508509 0.405991 0.283089 0.975963
0.509510 0.405991 0.283089 0.975963
0.510511 0.405991 0.283089 0.975963
0.511512 0.405991 0.283089 0.975963
0.512513 0.405991 0.283089 0.975963
0.513514 0.405991 0.283089 0.975963
0.514515 0.405991 0.283089 0.975963
0.515516 0.405991 0.283089 0.975963
0.516517 0.405991 0.283089 0.975963
0.517518 0.405991 0.283089 0.975963
0.518519 0.405991 0.283089 0.975963
0.519520 0.405991 0.283089 0.975963
0.520521 0.405991 0.283089 0.975963
0.521522 0.405991 0.283089 0.975963
0.522523 0.405991 0.283089 0.975963
0.523524 0.405991 0.283089 0.975963
0.524525 0.405991 0.283089 0.975963
0.525526 0.405991 0.283089 0.975963
0.526527 0.405991 0.283089 0.975963
0.527528 0.405991 0.283089 0.975963
0.528529 0.405991 0.283089 0.975963
0.529530 0.405991 0.283089 0.975963
0.530531 0.405991 0.283089 0.975963
0.531532 0.405991 0.283089 0.975963
0.532533 0.405991 0.283089 0.975963
0.533534 0.405991 0.283089 0.975963
0.534535 0.405991 0.283089 0.975963
0.535536 0.405991 0.283089 0.975963
0.536537 0.405991 0.283089 0.975963
0.537538 0.405991 0.283089 0.975963
0.538539 0.405991 0.283089 0.975963
0.539540 0.405991 0.283089 0.975963
0.540541 0.405991 0.283089 0.975963
0.541542 0.405991 0.283089 0.975963
0.542543 0.405991 0.283089 0.975963
0.543544 0.405991 0.283089 0.975963
0.544545 0.405991 0.283089 0.975963
0.545546 0.405991 0.283089 0.975963
0.546547 0.405991 0.283089 0.975963
0.547548 0.405991 0.283089 0.975963
0.548549 0.405991 0.283089 0.975963
0.549550 0.405991 0.283089 0.975963
0.550551 0.405991 0.283089 0.975963
0.551552 0.405991 0.283089 0.975963
0.552553 0.405991 0.283089 0.975963
0.553554 0.405991 0.283089 0.975963
0.554555 0.405991 0.283089 0.975963
0.555556 0.405991 0.283089 0.975963
0.556557 0.405991 0.283089 0.975963
0.557558 0.405991 0.283089 0.975963
0.558559 0.405991 0.283089 0.975963
0.559560 0.405991 0.283089 0.975963
0.560561 0.405991 0.283089 0.975963
0.561562 0.405991 0.283089 0.975963
0.562563 0.405991 0.283089 0.975963
0.563564 0.405991 0.283089 0.975963
0.564565 0.405991 0.283089 0.975963
0.565566 0.405991 0.283089 0.975963
0.566567 0.405991 0.283089 0.975963
0.567568 0.405991 0.283089 0.975963
0.568569 0.405991 0.283089 0.975963
0.569570 0.405991 0.283089 0.975963
0.570571 0.405991 0.283089 0.975963
0.571572 0.405991 0.283089 0.975963
0.572573 0.405991 0.283089 0.975963
0.573574 0.405991 0.283089 0.975963
0.574575 0.405991 0.283089 0.975963
0.575576 0.405991 0.283089 0.975963
0.576577 0.405991 0.283089 0.975963
0.577578 0.405991 0.283089 0.975963
0.578579 0.405991 0.283089 0.975963
0.579580 0.405991 0.283089 0.975963
0.580581 0.405991 0.283089 0.975963
0.581582 0.405991 0.283089 0.975963
0.582583 0.405991 0.283089 0.975963
0.583584 0.405991 0.283089 0.975963
0.584585 0.405991 0.283089 0.975963
0.585586 0.405991 0.283089 0.975963
0.586587 0.405991 0.283089 0.975963
0.587588 0.405991 0.283089 0.975963
0.588589 0.405991 0.283089 0.975963
0.589590 0.405991 0.283089 0.975963
0.590591 0.405991 0.283089 0.975963
0.591592 0.405991 0.283089 0.975963
0.592593 0.405991 0.283089 0.975963
0.593594 0.405991 0.283089 0.975963
0.594595 0.405991 0.283089 0.975963
0.595596 0.405991 0.283089 0.975963
0.596597 0.405991 0.283089 0.975963
0.597598 0.405991 0.283089 0.975963
0.598599 0.405991 0.283089 0.975963
0.599600 0.405991 0.283089 0.975963
0.600601 0.405991 0.283089 0.975963
0.601602 0.405991 0.283089 0.975963
0.602603 0.405991 0.283089 0.975963
0.603604 0.405991 0.283089 0.975963
0.604605 0.405991 0.283089 0.975963
0.605606 0.405991 0.283089 0.975963
0.606607 0.405991 0.283089 0.975963
0.607608 0.405991 0.283089 0.975963
0.608609 0.405991 0.283089 0.975963
0.609610 0.405991 0.283089 0.975963
0.610611 0.405991 0.283089 0.975963
0.611612 0.405991 0.283089 0.975963
0.612613 0.405991 0.283089 0.975963
0.613614 0.405991 0.283089 0.975963
0.614615 0.405991 0.283089 0.975963
0.615616 0.405991 0.283089 0.975963
0.616617 0.405991 0.283089 0.975963
0.617618 0.405991 0.283089 0.975963
0.618619 0.405991 0.283089 0.975963
0.619620 0.405991 0.283089 0.975963
0.620621 0.405991 0.283089 0.975963
0.621622 0.405991 0.283089 0.975963
0.622623 0.405991 0.283089 0.975963
0.623624 0.405991 0.283089 0.975963
0.624625 0.405991 0.283089 0.975963
0.625626 0.405991 0.283089 0.975963
0.626627 0.405991 0.283089 0.975963
0.627628 0.405991 0.283089 0.975963
0.628629 0.405991 0.283089 0.975963
0.629630 0.405991 0.283089 0.975963
0.630631 0.405991 0.283089 0.975963
0.631632 0.405991 0.283089 0.975963
0.632633 0.405991 0.283089 0.975963
0.633634 0.405991 0.283089 0.975963
0.634635 0.405991 0.283089 0.975963
0.635636 0.405991 0.283089 0.975963
0.636637 0.405991 0.283089 0.975963
0.637638 0.405991 0.283089 0.975963
0.638639 0.405991 0.283089 0.975963
0.639640 0.405991 0.283089 0.975963
0.640641 0.405991 0.283089 0.975963
0.641642 0.405991 0.283089 0.975963
0.642643 0.405991 0.283089 0.975963
0.643644 0.405991 0.283089 0.975963
0.644645 0.405991 0.283089 0.975963
0.645646 0.405991 0.283089 0.975963
0.646647 0.405991 0.283089 0.975963
0.647648 0.405991 0.283089 0.975963
0.648649 0.405991 0.283089 0.975963
0.649650 0.405991 0.283089 0.975963
0.650651 0.405991 0.283089 0.975963
0.651652 0.405991 0.283089 0.975963
0.652653 0.405991 0.283089 0.975963
0.653654 0.405991 0.283089 0.975963
0.654655 0.405991 0.283089 0.975963
0.655656 0.405991 0.283089 0.975963
0.656657 0.405991 0.283089 0.975963
0.657658 0.405991 0.283089 0.975963
0.658659 0.405991 0.283089 0.975963
0.659660 0.405991 0.283089 0.975963
0.660661 0.405991 0.283089 0.975963
0.661662 0.405991 0.283089 0.975963
0.662663 0.405991 0.283089 0.975963
0.663664 0.405991 0.283089 0.975963
0.664665 0.405991 0.283089 0.975963
0.665666 0.405991 0.283089 0.975963
0.666667 0.405991 0.283089 0.975963
0.667668 0.405991 0.283089 0.975963
0.668669 0.405991 0.283089 0.975963
0.669670 0.405991 0.283089 0.975963
0.670671 0.405991 0.283089 0.975963
0.671672 0.405991 0.283089 0.975963
0.672673 0.405991 0.283089 0.975963
0.673674 0.405991 0.283089 0.975963
0.674675 0.405991 0.283089 0.975963
0.675676 0.405991 0.283089 0.975963
0.676677 0.405991 0.283089 0.975963
0.677678 0.405991 0.283089 0.975963
0.678679 0.405991 0.283089 0.975963
0.679680 0.405991 0.283089 0.975963
0.680681 0.405991 0.283089 0.975963
0.681682 0.405991 0.283089 0.975963
0.682683 0.405991 0.283089 0.975963
0.683684 0.405991 0.283089 0.975963
0.684685 0.405991 0.283089 0.975963
0.685686 0.405991 0.283089 0.975963
0.686687 0.405991 0.283089 0.975963
0.687688 0.405991 0.283089 0.975963
0.688689 0.405991 0.283089 0.975963
0.689690 0.405991 0.283089 0.975963
0.690691 0.405991 0.283089 0.975963
0.691692 0.405991 0.283089 0.975963
0.692693 0.405991 0.283089 0.975963
0.693694 0.405991 0.283089 0.975963
0.694695 0.405991 0.283089 0.975963
0.695696 0.254580 0.283089 0.975963
0.696697 0.254580 0.283089 0.975963
0.697698 0.254580 0.283089 0.975963
0.698699 0.254580 0.283089 0.975963
0.699700 0.254580 0.283089 0.975963
0.700701 0.254580 0.283089 0.975963
0.701702 0.254580 0.283089 0.975963
0.702703 0.254580 0.283089 0.975963
0.703704 0.254580 0.283089 0.975963
0.704705 0.254580 0.283089 0.975963
0.705706 0.254580 0.283089 0.975963
0.706707 0.254580 0.283089 0.975963
0.707708 0.254580 0.283089 0.975963
0.708709 0.254580 0.283089 0.975963
0.709710 0.254580 0.283089 0.975963
0.710711 0.254580 0.283089 0.975963
0.711712 0.254580 0.283089 0.975963
0.712713 0.254580 0.283089 0.975963
0.713714 0.254580 0.283089 0.975963
0.714715 0.254580 0.283089 0.975963
0.715716 0.254580 0.283089 0.975963
0.716717 0.254580 0.283089 0.975963
0.717718 0.254580 0.283089 0.975963
0.718719 0.254580 0.283089 0.975963
0.719720 0.254580 0.283089 0.975963
0.720721 0.254580 0.283089 0.975963
0.721722 0.254580 0.283089 0.975963
0.722723 0.254580 0.283089 0.975963
0.723724 0.254580 0.283089 0.975963
0.724725 0.254580 0.283089 0.975963
0.725726 0.254580 0.283089 0.975963
0.726727 0.254580 0.283089 0.975963
0.727728 0.254580 0.283089 0.975963
0.728729 0.254580 0.283089 0.975963
0.729730 0.254580 0.283089 0.975963
0.730731 0.254580 0.283089 0.975963
0.731732 0.254580 0.283089 0.975963
0.732733 0.254580 0.283089 0.975963
0.733734 0.254580 0.283089 0.975963
0.734735 0.254580 0.283089 0.975963
0.735736 0.254580 0.283089 0.975963
0.736737 0.254580 0.283089 0.975963
0.737738 0.254580 0.283089 0.975963
0.738739 0.254580 0.283089 0.975963
0.739740 0.254580 0.283089 0.975963
0.740741 0.254580 0.283089 0.975963
0.741742 0.254580 0.283089 0.975963
0.742743 0.254580 0.283089 0.975963
0.743744 0.254580 0.283089 0.975963
0.744745 0.254580 0.283089 0.975963
0.745746 0.254580 0.283089 0.975963
0.746747 0.254580 0.283089 0.975963
0.747748 0.254580 0.283089 0.975963
0.748749 0.254580 0.283089 0.975963
0.749750 0.254580 0.283089 0.975963
0.750751 0.254580 0.283089 0.975963
0.751752 0.254580 0.283089 0.975963
0.752753 0.254580 0.283089 0.975963
0.753754 0.254580 0.283089 0.975963
0.754755 0.254580 0.283089 0.975963
0.755756 0.254580 0.283089 0.975963
0.756757 0.254580 0.283089 0.975963
0.757758 0.254580 0.283089 0.975963
0.758759 0.254580 0.283089 0.975963
0.759760 0.254580 0.283089 0.975963
0.760761 0.254580 0.283089 0.975963
0.761762 0.254580 0.283089 0.975963
0.762763 0.254580 0.283089 0.975963
0.763764 0.254580 0.283089 0.975963
0.764765 0.254580 0.283089 0.975963
0.765766 0.254580 0.283089 0.975963
0.766767 0.254580 0.283089 0.975963
0.767768 0.254580 0.283089 0.975963
0.768769 0.254580 0.283089 0.975963
0.769770 0.254580 0.283089 0.975963
0.770771 0.254580 0.283089 0.975963
0.771772 0.254580 0.283089 0.975963
0.772773 0.254580 0.283089 0.975963
0.773774 0.254580 0.283089 0.975963
0.774775 0.254580 0.283089 0.975963
0.775776 0.254580 0.283089 0.975963
0.776777 0.254580 0.283089 0.975963
0.777778 0.254580 0.283089 0.975963
0.778779 0.254580 0.283089 0.975963
0.779780 0.254580 0.283089 0.975963
0.780781 0.254580 0.283089 0.975963
0.781782 0.254580 0.283089 0.975963
0.782783 0.254580 0.283089 0.975963
0.783784 0.254580 0.283089 0.975963
0.784785 0.254580 0.283089 0.975963
0.785786 0.254580 0.283089 0.975963
0.786787 0.254580 0.283089 0.975963
0.787788 0.254580 0.283089 0.975963
0.788789 0.254580 0.283089 0.975963
0.789790 0.254580 0.283089 0.975963
0.790791 0.254580 0.283089 0.975963
0.791792 0.254580 0.283089 0.975963
0.792793 0.254580 0.283089 0.975963
0.793794 0.254580 0.283089 0.975963
0.794795 0.254580 0.283089 0.975963
0.795796 0.254580 0.283089 0.975963
0.796797 0.254580 0.283089 0.975963
0.797798 0.254580 0.283089 0.975963
0.798799 0.254580 0.283089 0.975963
0.799800 0.254580 0.283089 0.975963
0.800801 0.254580 0.283089 0.975963
0.801802 0.254580 0.283089 0.975963
0.802803 0.254580 0.283089 0.975963
0.803804 0.254580 0.283089 0.975963
0.804805 0.254580 0.283089 0.975963
0.805806 0.254580 0.283089 0.975963
0.806807 0.254580 0.283089 0.975963
0.807808 0.254580 0.283089 0.975963
0.808809 0.254580 0.283089 0.975963
0.809810 0.254580 0.283089 0.975963
0.810811 0.254580 0.283089 0.975963
0.811812 0.254580 0.283089 0.975963
0.812813 0.254580 0.283089 0.975963
0.813814 0.254580 0.283089 0.975963
0.814815 0.254580 0.283089 0.975963
0.815816 0.254580 0.283089 0.975963
0.816817 0.254580 0.283089 0.975963
0.817818 0.254580 0.283089 0.975963
0.818819 0.254580 0.283089 0.975963
0.819820 0.254580 0.283089 0.975963
0.820821 0.254580 0.283089 0.975963
0.821822 0.254580 0.283089 0.975963
0.822823 0.254580 0.283089 0.975963
0.823824 0.254580 0.283089 0.975963
0.824825 0.254580 0.283089 0.975963
0.825826 0.254580 0.283089 0.975963
0.826827 0.254580 0.283089 0.975963
0.827828 0.254580 0.283089 0.975963
0.828829 0.254580 0.283089 0.975963
0.829830 0.254580 0.283089 0.975963
0.830831 0.254580 0.283089 0.975963
0.831832 0.254580 0.283089 0.975963
0.832833 0.254580 0.283089 0.975963
0.833834 0.254580 0.283089 0.975963
0.834835 0.254580 0.283089 0.975963
0.835836 0.254580 0.283089 0.975963
0.836837 0.254580 0.283089 0.975963
0.837838 0.254580 0.283089 0.975963
0.838839 0.254580 0.283089 0.975963
0.839840 0.125000 0.100000 0.000000
0.840841 0.125000 0.100000 0.000000
0.841842 0.125000 0.100000 0.000000
0.842843 0.125000 0.100000 0.000000
0.843844 0.125000 0.100000 0.000000
0.844845 0.125000 0.100000 0.000000
0.845846 0.125000 0.100000 0.000000
0.846847 0.125000 0.100000 0.000000
0.847848 0.125000 0.100000 0.000000
0.848849 0.125000 0.100000 0.000000
0.849850 0.125000 0.100000 0.000000
0.850851 0.125000 0.100000 0.000000
0.851852 0.125000 0.100000 0.000000
0.852853 0.125000 0.100000 0.000000
0.853854 0.125000 0.100000 0.000000
0.854855 0.125000 0.100000 0.000000
0.855856 0.125000 0.100000 0.000000
0.856857 0.125000 0.100000 0.000000
0.857858 0.125000 0.100000 0.000000
0.858859 0.125000 0.100000 0.000000
0.859860 0.125000 0.100000 0.000000
0.860861 0.125000 0.100000 0.000000
0.861862 0.125000 0.100000 0.000000
0.862863 0.125000 0.100000 0.000000
0.863864 0.125000 0.100000 0.000000
0.864865 0.125000 0.100000 0.000000
0.865866 0.125000 0.100000 0.000000
0.866867 0.125000 0.100000 0.000000
0.867868 0.125000 0.100000 0.000000
0.868869 0.125000 0.100000 0.000000
0.869870 0.125000 0.100000 0.000000
0.870871 0.125000 0.100000 0.000000
0.871872 0.125000 0.100000 0.000000
0.872873 0.125000 0.100000 0.000000
0.873874 0.125000 0.100000 0.000000
0.874875 0.125000 0.100000 0.000000
0.875876 0.125000 0.100000 0.000000
0.876877 0.125000 0.100000 0.000000
0.877878 0.125000 0.100000 0.000000
0.878879 0.125000 0.100000 0.000000
0.879880 0.125000 0.100000 0.000000
0.880881 0.125000 0.100000 0.000000
0.881882 0.125000 0.100000 0.000000
0.882883 0.125000 0.100000 0.000000
0.883884 0.125000 0.100000 0.000000
0.884885 0.125000 0.100000 0.000000
0.885886 0.125000 0.100000 0.000000
0.886887 0.125000 0.100000 0.000000
0.887888 0.125000 0.100000 0.000000
0.888889 0.125000 0.100000 0.000000
0.889890 0.125000 0.100000 0.000000
0.890891 0.125000 0.100000 0.000000
0.891892 0.125000 0.100000 0.000000
0.892893 0.125000 0.100000 0.000000
0.893894 0.125000 0.100000 0.000000
0.894895 0.125000 0.100000 0.000000
0.895896 0.125000 0.100000 0.000000
0.896897 0.125000 0.100000 0.000000
0.897898 0.125000 0.100000 0.000000
0.898899 0.125000 0.100000 0.000000
0.899900 0.125000 0.100000 0.000000
0.900901 0.125000 0.100000 0.000000
0.901902 0.125000 0.100000 0.000000
0.902903 0.125000 0.100000 0.000000
0.903904 0.125000 0.100000 0.000000
0.904905 0.125000 0.100000 0.000000
0.905906 0.125000 0.100000 0.000000
0.906907 0.125000 0.100000 0.000000
0.907908 0.125000 0.100000 0.000000
0.908909 0.125000 0.100000 0.000000
0.909910 0.125000 0.100000 0.000000
0.910911 0.125000 0.100000 0.000000
0.911912 0.125000 0.100000 0.000000
0.912913 0.125000 0.100000 0.000000
0.913914 0.125000 0.100000 0.000000
0.914915 0.125000 0.100000 0.000000
0.915916 0.125000 0.100000 0.000000
0.916917 0.125000 0.100000 0.000000
0.917918 0.125000 0.100000 0.000000
0.918919 0.125000 0.100000 0.000000
0.919920 0.125000 0.100000 0.000000
0.920921 0.125000 0.100000 0.000000
0.921922 0.125000 0.100000 0.000000
0.922923 0.125000 0.100000 0.000000
0.923924 0.125000 0.100000 0.000000
0.924925 0.125000 0.100000 0.000000
0.925926 0.125000 0.100000 0.000000
0.926927 0.125000 0.100000 0.000000
0.927928 0.125000 0.100000 0.000000
0.928929 0.125000 0.100000 0.000000
0.929930 0.125000 0.100000 0.000000
0.930931 0.125000 0.100000 0.000000
0.931932 0.125000 0.100000 0.000000
0.932933 0.125000 0.100000 0.000000
0.933934 0.125000 0.100000 0.000000
0.934935 0.125000 0.100000 0.000000
0.935936 0.125000 0.100000 0.000000
0.936937 0.125000 0.100000 0.000000
0.937938 0.125000 0.100000 0.000000
0.938939 0.125000 0.100000 0.000000
0.939940 0.125000 0.100000 0.000000
0.940941 0.125000 0.100000 0.000000
0.941942 0.125000 0.100000 0.000000
0.942943 0.125000 0.100000 0.000000
0.943944 0.125000 0.100000 0.000000
0.944945 0.125000 0.100000 0.000000
0.945946 0.125000 0.100000 0.000000
0.946947 0.125000 0.100000 0.000000
0.947948 0.125000 0.100000 0.000000
0.948949 0.125000 0.100000 0.000000
0.949950 0.125000 0.100000 0.000000
0.950951 0.125000 0.100000 0.000000
0.951952 0.125000 0.100000 0.000000
0.952953 0.125000 0.100000 0.000000
0.953954 0.125000 0.100000 0.000000
0.954955 0.125000 0.100000 0.000000
0.955956 0.125000 0.100000 0.000000
0.956957 0.125000 0.100000 0.000000
0.957958 0.125000 0.100000 0.000000
0.958959 0.125000 0.100000 0.000000
0.959960 0.125000 0.100000 0.000000
0.960961 0.125000 0.100000 0.000000
0.961962 0.125000 0.100000 0.000000
0.962963 0.125000 0.100000 0.000000
0.963964 0.125000 0.100000 0.000000
0.964965 0.125000 0.100000 0.000000
0.965966 0.125000 0.100000 0.000000
0.966967 0.125000 0.100000 0.000000
0.967968 0.125000 0.100000 0.000000
0.968969 0.125000 0.100000 0.000000
0.969970 0.125000 0.100000 0.000000
0.970971 0.125000 0.100000 0.000000
0.971972 0.125000 0.100000 0.000000
0.972973 0.125000 0.100000 0.000000
0.973974 0.125000 0.100000 0.000000
0.974975 0.125000 0.100000 0.000000
0.975976 0.125000 0.100000 0.000000
0.976977 0.125000 0.100000 0.000000
0.977978 0.125000 0.100000 0.000000
0.978979 0.125000 0.100000 0.000000
0.979980 0.125000 0.100000 0.000000
0.980981 0.125000 0.100000 0.000000
0.981982 0.125000 0.100000 0.000000
0.982983 0.125000 0.100000 0.000000
0.983984 0.125000 0.100000 0.000000
0.984985 0.125000 0.100000 0.000000
0.985986 0.125000 0.100000 0.000000
0.986987 0.125000 0.100000 0.000000
0.987988 0.125000 0.100000 0.000000
0.988989 0.125000 0.100000 0.000000
0.989990 0.125000 0.100000 0.000000
0.990991 0.125000 0.100000 0.000000
0.991992 0.125000 0.100000 0.000000
0.992993 0.125000 0.100000 0.000000
0.993994 0.125000 0.100000 0.000000
0.994995 0.125000 0.100000 0.000000
0.995996 0.125000 0.100000 0.000000
0.996997 0.125000 0.100000 0.000000
0.997998 0.125000 0.100000 0.000000
0.998999 0.125000 0.100000 0.000000
1.000000 0.125000 0.100000 0.000000
